  13    .06485      128.0934        0.0000      684.6693      684.6693     556.575903       0.00000
  12     1.170      128.0651        0.1115      681.2199      681.3314     553.266310      25.26697
  11     21.57      128.4603        1.8716      665.3021      667.1737     538.713343       6.02091
  10     102.0      126.5729        8.2968      648.4162      656.7130     530.140162       0.89952
   9     245.0      121.0624       18.4755      626.7476      645.2231     524.160745       0.35292
   8     375.5      115.8756       26.3961      597.2780      623.6741     507.798547       1.05820
   7     489.9      111.3283       32.4154      567.1216      599.5369     488.208649       1.44487
   6     630.7      105.8563       38.7808      529.6977      568.4785     462.622164       1.53311
   5     712.4      102.8168       41.9892      508.5467      550.5358     447.719061       1.53976
   4     802.9       99.7421       45.1354      484.0072      529.1426     429.400476       1.70847
   3     851.7       98.2641       46.6660      470.9183      517.5843     419.320280       1.74333
   2     902.9       96.8497       48.1625      458.1753      506.3378     409.488041       1.61897
   1     956.7       95.5957       49.6096      445.6096      495.2192     399.623473       1.54925
   0     1013.       87.3843       91.1823      345.7393      436.9215     349.537236       7.50486
