  13    .06485      124.1638        0.0000      684.6693      684.6693     560.505472       0.00000
  12     1.170      124.1348        0.1111      681.2199      681.3309     557.196097      25.26531
  11     21.57      124.5127        1.8633      665.3021      667.1654     542.652687       6.01696
  10     102.0      122.5851        8.2583      648.4162      656.6745     534.089431       0.89848
   9     245.0      117.0220       18.3853      626.7476      645.1329     528.110935       0.35287
   8     375.5      111.7905       26.2615      597.2780      623.5395     511.749021       1.05818
   7     489.9      107.2070       32.2443      567.1216      599.3658     492.158805       1.44489
   6     630.7      101.6955       38.5678      529.6977      568.2655     466.569917       1.53325
   5     712.4       98.6373       41.7536      508.5467      550.3002     451.662943       1.54016
   4     802.9       95.5501       44.8763      484.0072      528.8835     433.333330       1.70950
   3     851.7       94.0723       46.3949      470.9183      517.3132     423.240890       1.74545
   2     902.9       92.6676       47.8794      458.1753      506.0547     413.387083       1.62252
   1     956.7       91.4510       49.3147      445.6096      494.9243     403.473359       1.55697
   0     1013.       72.7733      124.2919      239.5747      363.8666     291.093297      16.83890
