  13    .06485      130.5739        0.0000      684.6693      684.6693     554.095455       0.00000
  12     1.170      130.5455        0.1116      681.2199      681.3315     550.786005      25.26587
  11     21.57      130.9357        1.8737      665.3021      667.1758     536.240096       6.01799
  10     102.0      129.0469        8.3051      648.4162      656.7213     527.674465       0.89873
   9     245.0      123.5407       18.4895      626.7476      645.2371     521.696476       0.35284
   8     375.5      118.3510       26.4081      597.2780      623.6862     505.335220       1.05814
   7     489.9      113.7939       32.4190      567.1216      599.5405     485.746582       1.44477
   6     630.7      108.2966       38.7626      529.6977      568.4603     460.163709       1.53289
   5     712.4      105.2327       41.9513      508.5467      550.4979     445.265255       1.53928
   4     802.9      102.1160       45.0676      484.0072      529.0748     426.958743       1.70735
   3     851.7      100.6047       46.5777      470.9183      517.4960     416.891318       1.74112
   2     902.9       99.1429       48.0485      458.1753      506.2238     407.080875       1.61538
   1     956.7       97.8087       49.4640      445.6096      495.0736     397.264905       1.54162
   0     1013.       96.7839       50.8010      433.1184      483.9193     387.135458       1.51778
