  13    .06485      122.6638        0.0000      684.6693      684.6693     562.005510       0.00000
  12     1.170      122.6345        0.1109      681.2199      681.3308     558.696279      25.26421
  11     21.57      123.0029        1.8601      665.3021      667.1622     544.159307       6.01429
  10     102.0      121.0571        8.2434      648.4162      656.6596     535.602514       0.89780
   9     245.0      115.4727       18.3498      626.7476      645.0974     529.624713       0.35283
   8     375.5      110.2227       26.2077      597.2780      623.4858     513.263074       1.05816
   7     489.9      105.6235       32.1749      567.1216      599.2964     493.672908       1.44489
   6     630.7      100.0939       38.4797      529.6977      568.1774     468.083522       1.53328
   5     712.4       97.0260       41.6549      508.5467      550.2015     453.175535       1.54026
   4     802.9       93.9305       44.7661      484.0072      528.7733     434.842750       1.70980
   3     851.7       92.4504       46.2786      470.9183      517.1969     424.746557       1.74610
   2     902.9       91.0463       47.7569      458.1753      505.9321     414.885813       1.62366
   1     956.7       89.8396       49.1857      445.6096      494.7953     404.955659       1.55955
   0     1013.       67.0416      129.5934      205.6146      335.2080     268.166374      20.49634
