  13    .06485      125.9527        0.0000      684.6693      684.6693     558.716624       0.00000
  12     1.170      125.9240        0.1113      681.2199      681.3311     555.407112      25.26635
  11     21.57      126.3117        1.8672      665.3021      667.1693     540.857664       6.01946
  10     102.0      124.4046        8.2766      648.4162      656.6929     532.288234       0.89912
   9     245.0      118.8671       18.4286      626.7476      645.1762     526.309103       0.35291
   8     375.5      113.6578       26.3267      597.2780      623.6048     509.946952       1.05820
   7     489.9      109.0928       32.3280      567.1216      599.4496     490.356774       1.44489
   6     630.7      103.6023       38.6734      529.6977      568.3711     464.768741       1.53320
   5     712.4      100.5548       41.8714      508.5467      550.4181     449.863268       1.54000
   4     802.9       97.4763       45.0073      484.0072      529.0144     431.538085       1.70909
   3     851.7       96.0004       46.5328      470.9183      517.4511     421.450680       1.74458
   2     902.9       94.5937       48.0243      458.1753      506.1996     411.605897       1.62103
   1     956.7       93.3633       49.4667      445.6096      495.0763     401.713015       1.55370
   0     1013.       79.4754      112.9369      284.4401      397.3770     317.901608      12.55820
